chr1 11454 11490 0.374171973322
chr1 11507 11543 0.404257489601
chr1 11600 11636 0.534357593615
chr1 11720 11756 0.393400085133
chr1 11780 11816 0.551359480362
chr1 11791 11827 0.581991186251
chr1 11925 11961 0.314894212035
chr1 11937 11973 0.36786542197
chr1 12002 12038 0.428534651851
chr1 12056 12092 0.520518000756
chr1 12155 12191 0.36181772631
chr1 12167 12203 0.437647680333
chr1 12390 12426 0.339036513962
chr1 12621 12657 0.34250596075
chr1 12816 12852 0.460238795541
chr1 12899 12935 0.471646147197
chr1 12906 12942 0.503638934808
chr1 13093 13129 0.435569399529
